192
46
79
117
154
117
121
144
82
66
84
-27
107
40
101
100
100
88
151
198
260
107
92
101
132
179
142
189
97
166
136
100
60
141
171
253
239
162
98
110
69
40
59
164
35
85
0
19
73
36
54
34
84
181
204
90
75
144
230
135
35
86
158
75
47
71
153
162
107
87
48
107
136
202
94
33
102
110
106
94
78
114
120
137
70
66
143
151
100
66
114
121
152
143
182
99
97
91
117
117
136
59
141
144
108
26
91
125
79
53
66
84
39
36
125
101
50
3
2
104
108
20
54
53
115
100
-54
-83
48
-34
-145
-305
-194
-255
-571
-905
-842
-720
-373
-398
-771
-1034
-698
-591
-836
-1134
-1147
-1081
-1606
-2294
-2489
-1550
-792
-1448
-1840
-2341
-1678
-1468
-1933
-3971
-5209
-2833
-1859
-1078
-890
-1789
-2858
-1849
-1571
-2063
-2781
-3616
-3035
-2684
-2678
-2732
-3367
-2867
-1925
-2008
-2867
-2688
-3729
-2839
-2442
-2887
-3995
-4550
-3189
-1730
-1859
-1365
-1751
-3673
-3228
-1311
-981
-1717
-2559
-2507
-2107
-2892
-4566
-6397
-7040
-3558
-802
268
169
-525
-210
211
424
-10
-381
-207
116
-80
-921
-4418
-4657
-2415
-1406
-870
-1352
-3995
-3646
-3288
-2326
-2581
-4631
-3517
-2366
-1474
-1719
-3455
-4756
-3945
-2124
-2471
-1792
-2811
-3533
-1121
-203
-372
-4077
-4266
-3945
-1843
-1827
-1948
-3097
-3732
-2993
-2974
-2206
-3954
-4265
-5732
-5754
-4384
-3414
-4107
-3552
-4501
-3389
-2413
-4479
-2382
-1504
-2229
-1798
-3973
-7840
-7481
-5151
-7183
-6194
-6253
-544
-557
-1137
-992
-418
-482
-635
-892
-1268
-1260
-905
-707
-1119
-1160
-1402
-1727
-1525
-1839
-1468
-1114
-1064
-1085
-1016
-843
-648
-587
-822
-796
-1209
-819
-676
-581
-900
-1170
-1144
-1296
-1085
-963
-1039
-1155
-1304
-1294
-1658
-1096
-792
-565
-600
-844
-1397
-1352
-1146
-1229
-1189
-926
-739
-586
-440
-174
-164
-262
-215
-181
-125
-3
-158
-97
217
68
-151
187
370
230
137
19
6
-454
-603
-434
-89
304
443
-199
-296
-108
34
8
167
-57
76
63
260
23
-15
152
133
73
124
24
-481
-290
-9
19
-376
-1545
-2392
-2643
-2460
-1358
-908
-1320
-1084
-492
-1005
-971
-1018
-734
-813
-1487
-2309
-2236
-2213
-2322
-1682
-1090
-1239
-1113
-819
-1016
-1566
-1694
-2398
-1999
-2139
-2552
-4301
-5200
-3264
-2573
-3227
-2156
-2836
-2123
-1112
-1032
-796
-1140
-879
-768
-1305
-959
-880
-1014
-952
-1067
-1146
-963
-648
-364
-405
-244
14
26
-62
-123
-17
2
9
70
57
-70
-182
-168
-97
-89
-1
174
68
-56
66
102
71
85
338
95
88
72
63
206
249
196
-26
36
147
196
274
377
263
158
86
-2
151
135
-65
-164
-78
53
51
68
91
93
104
104
103
74
117
125
83
62
89
110
97
77
103
114
129
123
102
97
108
123
138
211
98
135
110
56
144
187
148
198
247
317
382
267
102
-292
-55
34
67
96
106
91
117
16
181
160
159
199
153
138
-51
-55
31
98
59
-36
-102
-49
-3
-3
10
-23
-14
38
89
144
434
600
711
847
1598
4150
3733
2662
2349
1897
819
-255
321
1325
3327
2162
1638
2842
3538
3971
3502
2112
1880
2172
2465
2717
2239
1273
1764
1862
1837
2243
3064
3097
2973
3023
3068
2970
3566
3291
2062
1450
1604
2760
3242
2045
874
930
1452
1005
664
784
326
200
712
364
438
458
706
602
406
299
248
234
278
407
410
179
317
345
393
616
539
561
655
846
895
933
901
1039
1273
1587
1354
631
1462
1723
1787
2006
2005
2065
1978
2147
2415
3515
3934
3463
3327
4415
4150
3788
4595
4636
5178
5689
4597
4614
4343
3528
4562
5349
6016
7547
4460
3138
3018
2518
-30
-64
356
240
2682
2993
1393
1396
1948
4427
5968
4991
2405
2015
2154
2541
2859
3232
2996
2333
1609
2764
2289
2122
2434
3026
3304
3500
3734
5091
5144
4970
4516
5006
5478
5590
4215
3955
4655
5222
6266
5869
7120
7859
7998
7670
6847
5202
7023
6505
5301
5285
5775
4478
4698
2780
3107
2990
2846
2104
1883
1430
1053
1325
2714
3097
1760
621
1261
2178
1799
965
638
1444
1086
601
2175
1939
2058
1912
1135
680
195
274
1273
1333
967
182
40
545
1001
1491
575
480
1112
1023
785
701
1267
932
621
663
439
379
1714
1656
543
-203
271
894
1445
296
-247
-71
274
393
150
-60
14
895
1810
1220
81
-197
20
669
1213
1322
303
116
253
523
207
142
710
685
310
7
163
305
