469
327
212
439
638
557
449
233
335
393
415
312
286
350
512
476
306
348
400
404
305
321
401
496
382
250
364
340
351
388
495
403
340
319
427
461
470
513
398
232
163
427
428
285
283
200
240
359
374
342
307
279
286
458
404
207
228
380
402
167
162
223
216
-7
-43
25
-306
-632
-428
98
188
-426
-914
-1191
-985
-295
-593
-2632
-2990
-1225
139
-150
-777
-493
-447
-853
-1552
-1677
-1328
-781
-400
-466
-1204
-1540
-1045
-513
-917
-1491
-2538
-3104
-2196
-851
-872
-1425
-1678
-908
-222
-281
-593
-1183
-1252
-1217
-1163
-1081
-1762
-2554
-2060
-2212
-2757
-2511
-2267
-2651
-2855
-3056
-2957
-2632
-1936
-1261
-1375
-1920
-2063
-1568
-1301
-1416
-2118
-2923
-2146
-1822
-1646
-1566
-1816
-2785
-2163
-1182
-1024
-1700
-3116
-3265
-2204
-1004
-497
-1002
-2145
-2383
-2242
-1576
-1066
-1006
-1103
-1553
-1820
-535
92
-544
-1451
-1525
-1087
-697
-721
-732
-1238
-1218
-1343
-1197
-1001
-686
-562
-247
299
410
264
155
-203
-1258
-2223
-2222
-1234
-1490
-1460
-1769
-2494
-2152
-2127
-2386
-2680
-2290
-2861
-2068
-1473
-2430
-3116
-3098
-1750
-2177
-1009
-2132
-2791
-2868
-2672
-1921
-1822
-1418
-1498
-751
-276
183
-160
-532
-342
-350
-718
-486
-413
-850
-521
117
-355
-97
-640
-725
-942
-361
-488
-591
-627
-1158
-1005
-1335
-1510
-1497
-1416
-1056
-951
-1124
-1347
-1567
-1573
-1701
-1857
-2336
-3028
-2799
-1836
-1262
-1419
-1654
-1742
-1350
-1054
-787
-576
-563
-1143
-1084
-857
-922
-1444
-2719
-2288
-2132
-1477
-1414
-1345
-1466
-1323
-1006
-997
-1342
-2077
-2303
-1633
-1036
-1126
-1887
-1624
-1756
-1877
-1639
-1715
-1769
-2515
-2482
-2680
-2515
-2110
-1714
-1675
-1333
-1339
-1503
-1298
-1351
-1344
-1023
-1078
-1279
-1135
-713
-655
-756
-963
-1274
-1281
-913
-721
-640
-226
-118
-160
-446
-680
-702
-770
-754
-572
-701
-863
-986
-913
-695
-550
-782
-997
-1235
-869
-626
-686
-73
93
32
46
23
142
222
174
125
-54
-141
-105
-54
-236
-233
71
-1
0
222
256
105
-149
-364
-626
-376
-285
-192
-110
-152
-226
-114
-75
-18
17
-9
23
78
11
20
-74
-261
-511
-801
-761
-714
-592
-665
-589
-536
-377
-402
-455
-533
-666
-583
-377
-388
-275
-164
-222
-171
-155
-159
-117
-61
3
-19
-64
69
65
9
140
195
179
205
196
147
102
80
164
186
184
111
39
71
98
90
-11
-229
-109
149
259
293
237
244
301
271
201
130
98
116
98
116
74
-45
-111
-199
-300
-637
-5
16
-308
-287
-557
-1002
-1127
-759
-575
-197
-63
-54
-310
-795
-683
-870
-1353
-1791
-899
-1046
-837
-2097
-2191
-201
303
-462
-739
-852
-1511
-1510
-1777
-1665
-2106
-461
-729
-130
8
-976
-1302
-1397
-656
-399
-1160
-1443
-1527
-1471
-299
-91
79
186
220
40
35
109
103
153
244
241
265
293
335
322
328
329
311
321
330
326
345
335
329
320
322
305
314
318
327
332
331
353
336
336
366
358
363
369
350
333
338
331
354
359
359
328
317
328
342
316
325
321
319
330
329
337
330
332
324
322
311
318
335
319
316
328
328
333
330
332
333
324
333
342
338
327
316
322
307
317
301
291
296
311
314
326
317
334
338
327
335
272
334
332
325
332
337
318
315
317
335
333
334
342
330
330
320
327
320
324
333
318
326
336
333
322
335
316
326
333
325
323
333
326
318
329
330
333
340
329
327
330
332
320
339
331
324
331
339
339
346
353
362
340
339
369
394
387
399
372
339
353
398
417
382
481
414
416
832
1513
2244
1462
1745
2743
2749
1230
1561
2354
2441
2272
1831
2149
1375
2040
2331
2359
2335
2521
2289
1358
1411
1405
1847
1427
1392
2305
1899
1941
2473
1823
850
518
-20
-1
769
1062
1238
1294
1277
1286
1414
1162
997
1132
1372
1413
1758
1661
1199
1156
1265
1087
739
662
619
735
810
643
612
633
538
274
54
198
-84
-218
-321
-497
-137
77
-61
-84
267
479
440
396
407
430
428
451
501
509
300
234
132
609
602
562
629
588
710
773
703
536
415
242
399
1336
614
457
475
444
493
406
420
374
479
521
598
-42
483
399
454
471
489
494
508
491
481
468
494
420
444
431
441
492
494
519
518
511
561
672
1025
1020
1097
1373
1521
1450
1218
937
970
1103
1281
1523
1710
1783
1549
1476
1425
1568
1631
1514
1892
2314
2249
1987
1735
1611
1646
1835
1881
1811
2093
2091
2085
2296
2659
2867
2976
2970
3220
3427
3455
3466
3168
3206
3266
3267
3231
3160
3104
2892
3270
3694
4370
4784
4780
4983
4819
4822
4491
4878
4572
4933
5454
5461
5378
4778
4683
4090
3736
3632
3835
3661
3704
4149
4773
4993
3668
3856
4720
4483
3220
2515
2053
1998
2378
2298
2859
2647
2427
2161
3746
4778
5853
6382
5813
5262
4678
4574
3775
2905
1895
3760
4102
3556
3753
3596
2328
1703
2209
2435
2738
2278
3227
3933
4160
3861
4332
4374
4992
5102
5368
5098
4967
5393
4833
4386
4092
4051
3815
4605
4741
3895
4729
5898
5267
4154
3442
3870
4878
5258
5215
5501
4417
3157
1871
2218
3226
3221
1835
1448
1937
2131
1929
1600
832
229
1545
2191
1439
470
767
722
521
1339
1669
1153
414
-115
81
110
1046
2145
1551
161
-42
1018
2024
957
-75
-151
1013
1977
1519
-2
-111
-206
543
1142
670
160
178
462
196
38
36
-406
-1006
-370
1446
2027
1613
203
-257
216
1309
1516
785
-390
-246
232
540
272
168
198
49
369
390
197
158
228
272
