226
216
218
221
209
220
217
221
212
213
226
226
214
211
227
207
216
215
215
222
223
220
219
228
220
212
225
220
229
220
213
215
221
219
216
217
222
208
223
220
210
216
215
217
219
222
226
218
220
219
221
216
221
224
225
211
216
220
203
213
216
222
205
211
225
221
222
220
216
210
213
219
216
216
208
217
217
227
220
217
224
219
216
220
229
220
218
225
219
213
223
223
208
211
230
218
215
217
217
215
215
216
217
222
217
229
224
216
231
223
228
221
226
221
231
224
214
218
219
218
223
211
226
219
201
204
180
-2025
-2186
-2267
-2461
-2646
-2828
-3483
-4089
-4734
-5052
-4546
-4203
-3886
-3642
-3510
-4626
-5148
-5660
-5479
-5348
-5425
-5482
-4915
-4481
-4332
-4611
-4962
-5218
-6305
-6784
-8208
-11401
-12409
-11449
-9487
-5915
-4129
-3152
-2316
-1607
-2043
-2693
-3649
-5608
-6050
-5590
-5559
-6555
-6613
-5292
-4005
-3968
-4215
-5408
-5354
-4464
-5062
-5738
-6955
-8361
-7437
-7616
-4779
-301
-945
-3048
-4769
-5542
-5571
-5500
-5594
-5908
-6423
-6583
-6852
-7206
-6447
-6186
-5696
-5372
-4574
-6721
-7084
-7131
-6564
-6461
-6914
-7153
-6989
-6454
-6428
-6892
-7712
-9311
-9768
-5603
-5822
-7286
-8513
-8296
-6093
-4832
-4273
-4681
-4476
-4417
-4472
-3925
-3382
-3423
-2300
-2120
-3044
-2528
-4569
-5028
-4147
-4554
-5324
-5557
-5822
-5234
-5169
-5727
-6296
-6840
-7737
-8368
-7487
-6388
-6385
-6030
-6852
-6984
-7095
-7352
-7547
-7779
-8297
-7700
-7915
-9945
-10615
-9990
-9829
-8592
-8763
-8839
-8743
-9560
-10226
-11563
-12098
-11654
-11422
-11350
-11668
-10949
-10635
-10391
-11139
-10517
-10230
-10188
-9738
-8950
-9596
-10017
-9785
-10420
-9594
-8648
-8165
-7873
-7846
-7914
-7318
-6677
-6994
-6781
-6644
-5755
-5492
-4953
-4578
-3971
-4150
-4389
-4007
-3399
-1216
-565
-299
219
227
225
233
250
388
2327
1866
1607
1703
1603
1520
1350
1580
1503
1472
952
443
251
223
224
212
217
206
219
214
220
217
214
222
798
1277
1326
1748
1972
2079
2460
2961
3272
3742
4130
4806
5481
5270
4693
4771
4806
4686
4928
5653
6477
6614
5906
6380
7315
7383
7190
7481
8326
8134
7591
6078
7162
8203
9151
10014
9441
6437
5818
6200
7638
8100
7026
6255
6290
6404
7329
8067
7695
7107
7042
7050
8138
9079
9458
9843
9612
9426
11430
10618
7807
6675
6411
6112
4995
3890
5020
6133
5332
4507
4147
3218
2772
3145
2913
3093
3625
3638
3513
2474
2356
2822
3496
3481
3195
3433
3867
4391
6635
8138
6964
4592
4327
5492
6289
7274
7316
5871
4885
5833
8273
7927
7103
5250
4651
5167
4897
4091
4292
4919
5615
5912
7054
7575
7860
8792
8379
6940
5510
4928
4956
5243
6758
7499
7636
7753
8126
7030
6808
6742
6681
6439
6638
5599
4970
4919
6564
7915
7386
6007
5565
5795
7084
6031
2583
351
258
1936
3573
3641
4068
5245
7758
5881
5178
4844
2724
2889
5252
5169
5757
4365
4738
5664
7167
6712
6511
7348
7858
8699
10257
10554
10442
9687
9687
9920
9930
9723
9103
8713
8340
9084
8876
7878
6964
5554
5891
7058
7362
6577
5875
5854
6264
6103
5018
4497
4096
4118
3967
3261
5995
7163
5913
4968
4117
2747
2574
2648
1635
372
218
228
187
169
267
350
213
212
212
231
1906
3247
4153
3896
4178
4166
4105
3096
2260
2020
1714
1262
817
714
1201
1436
1347
1446
1875
1708
1074
471
245
249
602
1014
504
260
238
233
236
241
240
235
237
235
238
229
247
237
237
231
233
243
235
251
244
244
240
233
232
244
249
241
240
232
234
245
254
236
241
231
239
238
251
238
251
235
232
233
247
233
230
241
239
236
229
239
236
229
234
233
235
236
240
234
234
232
237
232
228
234
229
230
233
229
237
231
236
242
236
234
238
234
232
244
