100
136
114
86
130
84
74
82
129
119
163
151
73
113
86
47
51
71
56
83
63
72
109
80
83
63
83
94
102
63
67
51
27
64
20
90
62
41
34
29
97
108
55
82
92
129
71
76
102
90
71
91
77
64
76
96
61
93
73
78
111
112
72
42
59
58
100
102
76
63
87
107
67
91
95
115
120
163
71
52
74
66
69
75
63
43
28
28
67
80
49
22
-6
84
79
63
59
36
37
5
-14
13
35
15
10
-59
-3
-159
-214
-207
-226
-183
-205
-210
-289
-159
-96
-116
-150
-139
-51
-74
-95
-126
-174
-253
-226
-186
-124
-125
-395
-412
-350
-185
-191
-234
-542
-601
-464
-367
-285
-272
-269
-261
-253
-162
-125
-165
-288
-329
-338
-365
-346
-436
-492
-354
-332
-545
-693
-677
-430
-420
-469
-613
-618
-506
-458
-657
-565
-516
-613
-438
-310
-324
-384
-524
-487
-439
-461
-297
-251
-267
-367
-359
-419
-310
-187
-250
-400
-387
-265
-305
-395
-429
-441
-428
-318
-148
-144
-485
-566
-217
32
-155
-349
-356
-385
-296
-161
-228
-362
-546
-530
-380
-212
-250
-326
-240
-296
-230
-204
-267
-259
-399
-301
-41
53
-163
-228
-296
-122
-198
-401
-587
-542
-358
-300
-467
-828
-938
-575
-237
-146
-240
-394
-310
-245
-295
-316
-302
-608
-509
-321
-183
-231
-551
-890
-904
-865
-942
-1203
-867
-692
-530
-642
-557
-116
-277
-352
-314
-377
-345
-354
-264
-170
24
-96
-117
34
-276
-401
-261
-364
-537
-400
-282
-296
-203
-97
3
141
162
106
41
24
42
85
115
256
304
142
23
-132
-84
-14
14
-124
-338
-348
-206
-145
-48
-218
-572
-842
-1000
-1079
-1158
-1156
-1292
-1468
-1365
-1299
-1125
-1186
-1023
-632
-324
-286
-442
-516
-574
-590
-489
-325
-393
-628
-580
-343
-156
-47
-94
-356
-679
-787
-579
-547
-513
-568
-516
-293
-73
-208
-342
-698
-802
-766
-853
-886
-961
-830
-706
-446
-455
-839
-1093
-1230
-1065
-901
-1160
-1408
-1498
-1275
-1010
-834
-946
-1060
-925
-814
-582
-518
-649
-684
-554
-462
-542
-652
-717
-754
-653
-528
-560
-680
-716
-610
-568
-481
-393
-334
-430
-586
-754
-740
-717
-692
-750
-695
-623
-644
-662
-685
-590
-532
-527
-417
-428
-455
-512
-518
-578
-676
-661
-801
-833
-766
-636
-705
-886
-1038
-1009
-775
-835
-1187
-1054
-1102
-1271
-1430
-1677
-1220
-1074
-1029
-1324
-1294
-1022
-1131
-1494
-1319
-1379
-1355
-1128
-1082
-913
-801
-804
-633
-446
-285
-273
-406
-471
-612
-1031
-1299
-1166
-1134
-1393
-1311
-1260
-1114
-1183
-785
-714
-1109
-1211
-987
-874
-765
-1015
-862
-739
-997
-782
-560
-539
-670
-868
-997
-1201
-1218
-1143
-1089
-1249
-1078
-940
-1106
-1090
-1197
-1026
-1198
-1443
-1224
-1014
-1070
-937
-561
-529
-594
-538
-640
-716
-700
-704
-796
-957
-472
-654
-773
-888
-1095
-989
-985
-851
-1058
-562
-371
-535
-1196
-884
-1407
-673
-903
-863
-782
-1184
-1001
-824
-766
-802
-362
-358
-494
-548
-558
-453
-262
-428
-661
-1011
-1029
-777
-594
-661
-1284
-693
-967
-981
-937
-759
-990
-723
-929
-1007
-482
-317
-419
-1137
-1127
-1158
-616
-1023
-1613
-1291
-1674
-742
-800
-430
-320
-164
-118
-189
-365
-568
-516
-639
-624
-1085
-455
-54
-19
-28
-8
-1
19
-4
1
3
11
6
-218
-977
-353
-210
-277
-620
-1305
-680
-217
13
35
-153
-511
-1069
-806
-676
-978
-755
-859
-500
-408
-589
-873
-992
-459
-326
-582
-1184
-1622
-819
-848
-1074
-820
-984
-1109
-916
-887
-543
-711
-562
-424
-561
-926
-938
-368
-333
-281
-346
-543
-1074
-990
-926
-227
-199
-277
-469
-719
-437
-345
-792
-947
-408
-424
-406
-574
-642
-718
-436
-405
-469
-954
-1519
-1662
-1172
-872
-578
-612
-574
-365
-213
-237
-145
-105
-132
-161
-328
-343
-464
-206
-256
-159
-486
-302
-304
-375
-317
-459
-240
-480
-756
-458
-219
-525
-859
-474
-333
-135
-234
-380
-338
-286
-29
-11
-110
-256
-342
-248
-100
-98
-242
-647
-748
-478
-442
-519
-465
-455
-345
-248
-281
-278
-292
-256
-105
-8
-28
-65
-88
-46
-38
-141
-257
-298
-93
-36
-59
-164
-268
-241
-178
-89
-92
-18
22
48
83
107
135
156
213
185
131
194
183
168
129
145
216
188
167
159
211
164
-222
100
113
101
85
109
119
88
87
120
89
80
85
105
82
92
100
83
136
123
105
21
87
87
6
48
87
156
156
108
48
44
61
-62
-66
-14
-72
-154
-96
-15
-1
5
-42
-40
-4
11
-27
5
-19
-111
-134
6
50
65
-43
-57
-41
-32
-45
-68
-64
-26
-34
-99
-117
-75
-55
-106
-71
-28
-57
-47
-41
-18
-65
-103
-97
-99
-206
-236
-186
-193
-118
-100
-112
-133
-220
-237
-112
-120
-196
-202
-216
-208
-144
-147
-175
-165
-222
-273
-340
-340
-370
-293
-273
-283
-402
-388
-403
-352
-292
-288
-295
-330
-284
-172
-223
-286
-326
-261
-211
-237
-370
-332
-301
-350
-311
-330
-337
-327
-258
-252
-261
-248
-193
-203
-238
-235
-189
-210
-200
-191
-128
-116
-120
-163
-161
-126
-117
-103
-78
-60
-57
-50
-5
16
15
20
25
44
26
28
61
31
29
55
32
2
-21
-12
59
32
15
19
16
60
124
117
75
74
106
78
69
54
36
48
89
91
71
106
90
67
76
84
83
60
72
64
55
79
98
62
41
42
62
56
29
25
45
62
19
51
115
160
135
129
79
47
10
-5
3
91
54
45
73
72
54
-42
12
-81
62
169
103
79
82
40
41
59
4
25
25
-11
-24
3
-36
-35
-54
-55
57
45
12
48
93
122
68
14
-123
-60
-2
-19
-44
-42
-50
-29
18
117
122
72
47
99
144
144
54
112
131
94
19
-33
31
27
-10
-165
-217
-219
-353
-340
-310
-410
-253
-164
-91
-127
-68
-48
-92
-71
-51
-52
-112
-227
-252
-147
-48
-182
-263
-351
-216
-122
-118
-129
-123
-114
-104
-13
14
-35
-47
18
30
2
-51
-51
-34
42
37
31
-17
-44
-39
20
1
-9
-16
-21
7
37
54
25
0
7
76
105
37
-95
-233
-218
-59
6
-86
-72
-53
36
71
33
-64
-94
5
98
91
32
46
37
88
57
-17
-14
-10
-16
14
-3
-43
-149
-112
-56
-133
-846
-793
-475
61
148
34
-94
-180
-155
-55
-275
-329
-309
-357
-275
-125
-94
-54
-294
-271
-144
-117
-188
-303
-326
-336
-269
-251
-254
-265
-259
-165
-223
-325
-259
-279
-329
-379
-636
-729
-515
-356
-220
-197
-36
86
103
87
-37
1
-3
32
17
55
67
68
-32
68
55
145
203
159
73
39
64
44
-30
106
70
24
34
51
14
19
24
49
69
70
32
15
20
0
-71
-241
-248
-259
-198
-49
48
-34
-87
-108
-61
-12
-50
-136
-135
-123
-14
57
17
-12
62
-69
-175
-120
12
-71
-148
-26
-38
-142
-66
8
77
80
73
56
70
62
142
147
128
113
66
43
141
177
143
118
-31
-194
-153
84
170
79
-164
-107
-313
73
103
-176
-297
-313
-589
-566
-286
-245
-177
-317
-394
-403
-338
-233
-357
-408
-547
-361
-400
-437
-114
144
139
66
132
42
-384
-239
-239
-265
-409
-462
-529
-507
-502
-259
-219
-315
-170
-148
-250
-387
-294
-299
-830
-1692
-1183
-613
-980
-206
31
-27
14
17
-396
-33
-17
-259
-124
-101
-124
-110
-214
-248
-390
-235
-464
-191
-108
-77
-61
-156
-101
-67
-228
-104
19
63
-19
-74
-66
-106
-222
-662
-679
-427
-178
-398
-346
-443
-376
-304
-235
-148
-223
-234
-37
12
7
-41
6
-82
-113
-71
-40
-122
-126
-151
-187
-238
-216
-210
-344
-396
-310
-222
-78
-62
2
-87
-93
-60
-130
-154
-227
-165
-190
-230
-261
-270
-143
-147
-116
-141
-159
-117
-61
-113
-137
-149
-332
-132
-135
-118
-301
-442
-335
-275
-308
-482
-610
-476
-493
-699
-1173
-1376
-2098
-2212
-1384
-1873
-1117
-1012
-233
2
71
48
26
47
55
51
18
20
33
45
31
11
2
-92
-149
-160
-181
-89
-34
22
50
63
93
86
103
149
124
120
124
107
91
109
110
100
74
107
109
97
99
94
114
89
80
85
73
87
103
80
67
84
106
84
82
82
108
116
113
107
101
88
141
51
21
46
65
64
57
72
120
113
121
82
78
57
74
70
67
112
133
98
86
91
86
104
111
124
96
82
110
106
96
109
91
99
107
110
91
111
-109
-5
63
98
57
87
120
132
104
84
80
40
99
121
180
210
-59
86
39
67
63
76
64
42
67
78
31
49
81
83
66
77
86
54
89
107
90
84
80
77
84
87
79
85
56
75
76
94
91
111
106
111
148
149
182
186
191
240
241
240
335
408
308
446
287
319
686
1516
2250
3537
3197
1957
1455
1576
2349
2570
1710
1487
2295
3093
2730
3061
4305
3702
4572
4220
2934
2213
2473
2667
2882
3465
3639
2890
1950
1528
940
1440
1682
1476
713
675
891
1516
1766
1323
941
950
988
898
983
1016
748
699
881
351
660
1191
792
497
628
737
1414
1362
893
519
613
622
596
363
-204
-97
30
101
134
409
617
307
269
325
340
119
172
139
38
-77
-148
29
-120
-301
-169
58
73
129
171
244
262
132
95
213
311
239
278
338
298
267
220
235
213
220
227
308
276
268
377
931
673
511
339
356
511
859
787
637
600
541
576
478
351
338
305
353
309
326
410
387
415
379
344
267
9
0
13
131
25
9
-5
869
216
191
113
88
103
62
111
70
5
36
101
72
73
112
91
68
135
315
645
789
534
412
520
320
300
246
224
246
273
165
73
46
93
143
127
120
155
160
203
237
185
176
183
259
302
245
336
404
433
455
614
568
699
850
588
602
462
646
537
546
471
660
469
243
208
311
434
461
340
352
341
397
647
326
304
240
386
476
178
112
163
203
535
606
888
768
1026
1054
602
638
501
965
912
1153
376
332
310
194
327
372
490
302
226
270
472
1156
643
568
458
640
772
523
377
423
510
315
393
320
170
151
198
244
455
616
626
927
1047
1025
1424
1278
939
1025
521
794
693
829
622
690
915
1331
1572
846
816
975
1119
664
1141
971
1766
1219
793
1410
914
444
558
360
210
243
260
364
479
511
522
275
232
303
258
366
625
647
812
632
744
419
437
804
1231
975
1255
1173
1104
855
618
563
525
747
827
858
946
972
879
1172
796
678
1014
1705
1967
2152
1647
1318
1116
741
467
546
719
927
846
1185
925
1006
1014
1132
1000
727
919
832
641
547
748
1302
2152
2143
2032
1462
1610
2111
2199
860
600
1047
1050
1174
850
1721
753
585
974
911
1016
755
747
1227
1743
1120
967
771
671
1035
1568
1711
1180
882
821
718
839
1467
1658
1581
1078
1084
1135
1172
1096
1490
1797
1964
1861
1341
729
568
597
1165
1659
2137
2053
2130
1587
1589
970
777
771
529
580
560
583
494
507
695
1553
1464
1311
662
554
520
906
1065
534
395
374
522
1026
1845
2451
2504
855
551
516
797
856
890
938
681
634
656
833
1225
1374
1421
1662
1108
1569
1113
1173
1127
1154
2239
3189
2719
3712
3059
1800
1378
1296
207
338
425
567
729
818
949
1243
1341
1699
1609
1663
1449
1163
1301
1256
1483
1437
1122
1071
1033
1339
1117
1153
1380
1141
1270
1541
1152
1516
1642
1444
1418
1299
1382
1557
1332
1147
1419
1262
778
762
912
913
823
1132
1453
1447
1159
796
783
920
966
1004
666
601
708
778
498
500
415
354
284
356
583
641
534
526
570
501
564
903
1247
2059
2024
2833
3026
2129
2054
857
87
37
266
447
409
704
823
932
1144
1307
1557
1745
1841
1609
2056
2401
1828
1248
1158
807
709
1260
1563
1302
922
635
715
826
1146
1534
1448
949
1067
1195
1084
757
822
781
659
766
1272
2209
1929
1365
914
756
691
1159
1066
957
1094
1083
1046
1207
1343
1344
1137
1240
1364
1402
1176
1047
739
733
853
868
760
1008
1343
1256
993
1064
1095
1325
1291
872
803
997
866
458
586
722
689
761
722
678
730
702
665
771
753
577
538
724
688
606
626
355
6
341
550
318
410
1025
1310
717
429
797
918
460
253
601
520
345
160
193
214
395
433
433
471
413
303
487
619
581
509
484
531
801
688
183
10
5
-129
131
165
129
72
139
249
286
467
673
495
483
611
290
177
333
681
518
210
215
199
52
67
256
200
96
16
21
199
133
118
89
-10
89
35
128
192
86
40
48
35
-20
41
119
90
148
88
28
69
15
30
167
104
121
111
34
-24
-75
-305
-37
120
85
82
121
44
23
69
128
49
28
