382
321
281
309
334
318
356
354
329
292
346
393
311
312
339
325
348
355
308
294
343
364
373
355
341
385
327
293
427
524
396
244
332
364
315
355
433
695
905
1047
867
665
666
706
649
678
708
756
697
797
655
735
568
318
275
338
240
291
341
284
323
415
399
263
329
321
297
191
273
243
256
339
315
332
349
312
288
292
380
456
358
398
444
733
698
512
475
320
262
311
342
282
279
267
30
-213
-23
157
186
310
441
454
724
917
549
544
379
217
229
164
348
476
533
512
447
659
585
226
45
190
112
77
121
109
221
240
617
593
366
355
342
204
307
346
-13
-398
-294
-420
-382
-340
130
250
193
83
-158
-666
-1536
-1371
-651
-187
-232
-179
-198
-48
-106
-202
-365
-434
-551
-461
-572
-707
-647
-504
-608
-645
-456
-288
-351
-528
-507
-775
-909
-1152
-1252
-1396
-1570
-1690
-1986
-2862
-3276
-3041
-2853
-2648
-2828
-2684
-2452
-2165
-1840
-2093
-2444
-3014
-2754
-2391
-2006
-1194
-897
-949
-957
-855
-823
-760
-313
18
-25
-106
-81
-171
-388
-612
-809
-1005
-1448
-1752
-1810
-1619
-1216
-783
-426
-201
-11
93
-18
-111
-400
-288
-132
-152
-350
-525
-730
-545
-494
-783
-880
-897
-1220
-1739
-1454
-1176
-1057
-1238
-1079
-756
-609
-865
-1176
-1564
-1393
-1927
-1346
-1441
-2767
-3136
-2112
-1744
-1460
-1674
-1423
-2321
-2301
-1478
-1308
-1255
-1111
-1315
-852
-939
-1653
-2100
-1494
-1573
-1641
-1014
-1032
-1205
-1339
-1256
-1341
-1846
-1292
-1068
-1351
-1542
-1169
-789
-1241
-1867
-2058
-2343
-1233
-1257
-2041
-2336
-1077
-516
-562
-124
-311
-848
-1140
-978
-911
-749
-1003
-983
-2084
-2069
-1802
-1076
-465
-683
-540
-625
-974
-566
-119
-142
-664
-155
118
-28
-604
-1697
-1492
-822
-520
-102
111
160
222
78
-286
-1507
-1094
-970
-716
-198
-161
-319
-338
-229
117
318
182
-128
-178
-49
-228
-1601
-1550
-1860
-1583
-1845
-1856
-1523
-1626
-1934
-1213
-1227
-1131
-1267
-707
-539
-792
-1139
-1577
-884
-1130
-1901
-3392
-3825
-3026
-1631
-822
-900
-691
-473
-743
-344
-595
-777
-723
-345
-312
-374
-690
-790
-754
-911
-660
-737
-843
-78
-85
-181
-653
-705
-1025
-248
-775
-1013
-854
-333
-414
-304
-584
-687
-610
-657
-438
-585
-179
-479
-729
-569
-675
-486
-675
-1010
-673
-339
-577
-747
-873
-505
-357
-338
-745
-900
-1276
-959
-903
-628
-652
-809
-602
-547
-702
-723
-524
-322
-563
-358
-143
-245
-343
-165
-68
-191
-294
-318
-357
-363
-378
-412
-387
-326
-272
-365
-479
-423
-368
-396
-497
-279
-285
-215
-240
-131
-183
-280
-94
-106
-14
17
117
-2
-255
-315
-354
-391
-620
-542
-384
-137
-162
-239
-376
-475
-551
-472
-490
-500
-433
-425
-398
-249
-183
-283
-414
-384
-338
-133
-98
-189
-408
-424
-414
-311
-323
-312
-263
-169
-101
-34
-10
38
82
53
77
107
125
109
86
54
92
243
242
224
275
269
256
141
-40
95
193
-89
-547
-344
-119
47
276
272
225
310
408
358
349
443
469
276
334
259
265
167
216
190
235
307
301
278
178
100
184
313
288
211
246
287
260
223
28
-135
-253
-145
-117
-156
-145
-64
37
-52
-221
-165
-101
-5
66
54
2
-62
-162
-209
-226
-396
-526
-480
-407
-353
-141
-105
-151
-63
43
151
175
76
-10
-53
-16
7
-59
-104
-161
-196
-166
-115
15
-15
27
9
69
108
67
88
122
188
158
165
161
188
254
241
272
322
314
324
303
230
235
145
134
204
57
72
143
229
222
154
105
122
152
-116
-312
-347
-271
-133
-60
18
59
91
186
176
213
174
118
128
119
128
28
53
135
155
149
40
-66
-42
86
169
205
230
201
235
264
260
262
218
163
196
198
222
227
206
168
188
222
199
150
142
198
323
293
204
138
99
88
112
193
196
145
156
152
155
77
96
120
92
123
129
148
107
139
165
199
189
226
255
300
337
309
185
139
132
131
84
93
105
58
70
124
173
174
171
187
194
202
180
146
150
195
227
233
256
256
233
213
176
141
129
156
169
191
207
187
196
207
179
178
221
240
224
199
196
264
301
292
264
264
257
246
275
282
210
163
176
163
169
158
185
203
204
192
201
211
216
213
211
237
250
239
270
251
232
201
176
154
129
140
135
127
130
145
126
142
128
139
105
147
109
96
63
108
147
153
159
179
199
270
310
307
325
232
201
266
280
260
253
305
317
279
298
293
244
267
257
274
279
303
285
296
270
265
264
266
252
225
215
219
248
248
203
229
210
220
212
243
270
263
275
246
235
217
222
232
257
254
231
206
231
226
212
201
187
185
238
237
229
240
211
241
226
221
226
236
262
280
269
278
247
207
187
186
178
177
183
189
181
172
163
146
174
197
198
199
217
231
247
226
240
276
274
263
250
268
278
280
301
300
299
287
284
247
250
256
248
239
252
255
239
186
187
219
217
183
194
185
141
149
128
148
106
86
8
-2
69
-7
-156
-307
-381
-446
-326
-76
9
-46
-63
-41
11
73
97
172
42
59
55
114
12
-57
-49
-92
-11
28
-16
-44
-237
-313
-249
-302
-303
-588
-551
-253
-311
-124
-32
-590
-683
-502
-331
-13
-79
-297
-309
-49
104
-67
-525
-794
-661
-197
-178
-194
-103
124
-211
30
13
48
-224
-255
37
-44
-85
-201
-451
-367
24
-259
-45
84
32
100
-34
-51
-79
-1473
-2956
-1353
-81
-135
-371
-474
-3058
-555
-74
-90
-84
-55
-1892
-95
88
101
189
71
82
176
61
33
0
57
122
113
134
102
248
299
319
324
319
305
306
323
329
344
346
354
323
313
327
320
335
344
342
341
327
331
321
337
334
339
326
325
329
331
341
356
343
351
259
324
349
336
600
1146
222
192
237
263
1295
1111
788
758
1004
1152
936
845
876
938
1031
929
798
910
976
813
712
659
945
989
1384
1580
1153
969
965
836
669
863
950
1094
1010
1309
1442
1013
647
742
1121
1166
1012
775
1046
1396
1243
1386
1187
732
686
844
986
1003
798
727
814
696
483
688
977
915
858
677
639
711
528
622
856
1009
717
689
831
792
873
790
769
679
758
598
405
528
621
609
590
661
865
594
551
583
629
564
629
920
904
775
684
639
634
905
1001
916
747
740
525
549
665
778
853
1107
981
992
926
971
1269
1053
871
784
582
509
519
475
524
490
424
378
417
367
316
406
371
272
233
283
356
335
320
243
233
155
99
317
387
353
274
285
317
311
353
347
343
398
382
309
349
403
384
230
324
371
395
389
351
368
401
394
373
348
381
401
402
388
392
395
404
406
394
420
395
394
419
416
413
414
405
399
427
456
444
434
432
409
436
449
450
402
417
454
441
423
440
421
444
467
478
480
466
462
464
486
478
472
495
497
506
566
595
583
577
592
584
511
561
576
553
537
561
533
488
533
545
571
535
506
526
540
541
482
446
450
455
478
462
449
452
460
452
432
419
374
374
423
430
430
471
546
569
545
462
468
445
372
366
392
398
425
433
531
552
505
452
450
431
449
503
449
537
551
543
473
465
422
315
306
259
263
286
378
581
549
539
603
678
592
551
493
448
451
500
478
364
314
298
413
548
513
454
384
457
560
560
443
380
373
332
320
308
360
497
516
584
666
735
666
556
559
669
724
682
711
773
777
768
763
743
630
550
493
417
448
470
483
452
398
367
459
525
625
602
586
617
763
791
755
710
746
941
1132
1030
902
778
801
816
676
559
546
601
634
734
816
726
642
593
628
658
642
697
695
647
631
712
712
713
695
697
769
873
989
1012
938
981
968
893
1000
1011
1059
1054
937
886
905
830
748
708
686
671
654
661
726
741
712
739
919
1011
1094
1215
1137
1007
960
1063
1209
1029
1163
957
1152
1163
1016
933
984
1024
884
873
884
1002
1059
1278
1010
1074
1107
1045
1019
919
1021
793
882
832
942
1071
907
1165
1086
1061
807
835
932
1025
794
945
1124
977
1247
832
833
1080
1001
1307
1102
1077
975
947
1005
1256
969
942
926
744
977
1432
1020
891
822
730
1112
1179
1002
1136
764
1006
972
873
1163
1222
1348
1434
1524
1631
1397
1049
861
1176
1118
1187
1103
1017
965
837
755
729
787
949
960
1069
898
867
910
928
894
1008
1050
987
1006
940
912
936
988
1024
878
921
1248
1182
953
1257
1112
1388
1401
1285
1126
1056
1074
1191
1450
1198
1105
861
576
723
938
636
834
1262
1248
1278
1418
1554
1225
964
917
1132
1882
919
642
763
948
1207
1891
1160
995
791
522
557
734
656
499
531
624
639
675
859
1062
1282
1199
1049
1032
1009
1184
1889
2347
1729
980
892
675
715
1047
1042
1182
1265
1123
807
757
1012
1402
1304
1474
1674
1934
1558
1372
1446
1200
917
800
801
775
824
742
891
932
831
744
842
857
1028
1123
1181
1169
1273
1235
1077
952
854
1125
1388
1231
1228
1053
1039
1252
1426
1144
944
1072
883
927
1176
770
623
597
719
774
655
707
730
812
813
1035
1555
1633
1740
2290
1975
2384
2410
2244
1714
810
796
663
690
767
836
840
819
822
799
801
780
765
722
842
974
901
807
815
1038
1205
1182
901
1108
876
854
988
1375
1507
1464
1370
1482
1183
916
819
713
585
551
655
819
1070
1216
1234
1005
1095
936
838
749
999
1381
1499
1019
1300
1882
1303
1162
1222
1319
1975
1717
1303
1029
910
1053
1677
2765
1423
1245
1261
1057
1277
1457
1950
2480
1846
864
818
783
1109
1669
1970
1399
916
1011
1115
1289
1438
1396
1057
793
725
805
864
899
1000
1194
1088
726
593
661
1002
995
878
934
947
889
774
690
666
714
831
1127
1748
1742
1602
1240
914
834
857
896
950
991
1076
1471
1792
1664
1329
1124
827
834
1069
1231
1194
1081
918
903
857
876
972
996
1156
1348
1183
1048
1178
1383
1445
1222
971
896
996
1003
1103
1210
956
895
1108
1538
2142
2584
3173
2584
1852
852
685
642
1060
1091
873
744
766
817
1103
1479
1582
1467
1380
1146
1088
1432
1871
1526
1186
974
923
1183
1708
2046
2125
1508
920
945
894
774
892
1394
1739
1312
944
878
1116
1158
1153
957
843
999
1337
1790
1871
1630
1334
985
915
1089
1321
1006
836
919
1250
1514
1461
1353
1365
1311
1104
882
965
1159
1274
1238
1075
997
1103
1191
1215
1087
1025
1056
1223
890
657
524
295
157
86
106
-29
-114
-20
165
87
166
306
282
212
214
379
260
373
660
1239
1768
1960
1735
1665
1475
1564
2147
2353
2470
2852
3481
4339
4744
4731
4424
4052
3021
5688
10158
11537
5319
-1118
-2445
-4153
-2505
-1210
-468
-174
-130
211
642
631
180
412
793
639
158
-257
-208
54
53
-12
-12
103
347
378
290
200
414
523
503
644
620
394
-16
-157
150
274
432
529
566
542
521
254
100
325
329
284
-22
-69
54
171
223
258
179
79
23
42
274
384
234
63
-103
89
246
384
246
203
263
313
425
358
319
293
262
297
377
370
224
232
323
426
383
295
243
336
414
329
167
180
314
388
253
192
232
203
255
400
481
346
275
407
409
217
167
345
400
200
133
389
419
351
360
321
240
259
285
397
366
338
380
354
420
452
434
251
