286
279
272
278
287
283
279
278
291
289
275
286
284
283
277
284
280
279
277
272
275
273
278
271
283
279
292
293
279
279
283
280
274
287
277
281
290
288
286
270
289
283
284
287
279
288
285
290
279
281
276
275
285
281
276
284
277
275
279
286
283
286
280
285
273
288
275
268
287
278
283
280
285
281
280
286
285
290
284
279
286
287
286
274
287
283
282
271
282
293
274
282
277
280
289
280
276
275
291
277
279
293
290
281
286
282
276
283
282
286
276
287
288
293
279
281
287
291
293
291
285
287
281
279
279
277
285
277
288
281
297
283
274
279
295
287
286
287
272
279
276
272
270
260
280
275
271
257
245
251
249
224
-189
-1381
-1857
-2099
-2208
-2221
-3141
-3868
-3833
-4234
-4432
-4634
-4910
-4418
-3571
-3244
-4009
-5640
-6216
-5202
-3912
-3236
-3807
-4153
-4185
-3647
-3422
-3721
-4038
-4225
-3987
-3799
-3949
-3085
-3198
-3037
-3039
-3255
-3688
-4610
-5604
-4712
-4241
-4645
-4974
-4844
-4631
-4573
-4888
-6489
-8833
-8261
-6778
-5248
-3863
-3844
-3847
-3567
-3103
-2621
-2442
-2812
-3494
-3459
-4115
-3561
-2582
-1889
-2226
-2590
-2074
-1500
-863
-948
-1418
-2217
-2487
-2466
-1777
-1570
-2012
-2886
-3196
-2559
-2450
-3223
-3977
-4953
-5811
-6541
-5718
-4720
-2833
-1644
-2262
-3107
-2661
-2677
-2347
-1750
-1455
-1735
-3178
-3401
-3608
-4807
-4437
-4347
-4464
-3829
-3510
-3634
-3661
-3778
-2569
-1649
-1147
-797
-1181
-1891
-2301
-2212
-2170
-3043
-3288
-3654
-2913
-2270
-2088
-2819
-2842
-2174
-2262
-2094
-2270
-2239
-2034
-1657
-1503
-1768
-1746
-1566
-1682
-1547
-1458
-1884
-2005
-2098
-2001
-2024
-2047
-2380
-3173
-3204
-2628
-2581
-2726
-2535
-2151
-2251
-2193
-1887
-2143
-2264
-2117
-1590
-830
-1023
-740
-790
-914
-528
-255
-429
-545
-1402
-1516
-1128
-575
-267
-75
29
49
-22
-43
111
139
163
106
97
225
245
256
263
262
154
269
107
125
192
265
289
282
277
285
279
276
279
288
296
284
276
289
291
276
276
289
275
277
274
292
285
291
261
-245
47
-438
-721
-923
-744
-799
-1127
-1393
-1453
-1831
-1994
-1642
-1510
-1744
-1765
-1922
-2084
-1910
-1915
-1850
-2232
-2788
-2020
-2030
-1772
-1758
-1674
-1309
-861
-518
-718
-1099
-1281
-1424
-1560
-1605
-1184
-1239
-1588
-1848
-1615
-1176
-916
-927
-1182
-1615
-2067
-2320
-2010
-1721
-1597
-1908
-2203
-2734
-3475
-3016
-1884
-1196
-1313
-1449
-1732
-1926
-1611
-903
-644
-1386
-1994
-2131
-1909
-1630
-1186
-1555
-2373
-2619
-2760
-2927
-2457
-3348
-3833
-3505
-3316
-3064
-2398
-3562
-3576
-2729
-2113
-2131
-2210
-1345
-195
160
-1223
-1926
-2496
-1785
-1483
-1444
-1471
-1894
-2447
-2032
-1679
-1307
-1724
-2132
-2281
-1643
-1261
-1073
-1642
-2079
-1997
-2114
-2411
-2241
-2185
-2368
-2629
-2824
-2237
-1469
-1295
-1647
-2337
-2310
-2118
-2414
-2468
-2470
-2559
-2761
-2509
-2550
-2741
-2778
-2685
-3390
-3631
-3572
-3718
-3788
-4340
-4685
-4796
-4715
-5085
-5143
-4656
-4003
-3998
-3901
-4416
-4256
-3567
-2739
-2494
-2638
-2987
-3225
-3137
-2868
-2155
-1829
-2488
-2458
-2459
-2612
-2021
-1627
-1717
-1827
-2237
-2541
-2417
-2035
-1945
-2141
-2138
-2159
-1978
-1758
-1716
-1807
-1802
-1828
-1967
-2156
-2217
-2127
-2013
-2474
-2672
-2995
-2945
-2704
-2669
-2853
-2938
-3167
-3042
-2957
-2630
-2205
-2274
-2225
-2304
-2477
-2291
-2044
-2542
-3057
-3024
-2422
-2040
-1996
-2596
-2851
-2763
-2561
-2303
-2129
-2248
-1753
-1667
-2347
-2547
-2082
-1779
-1727
-1505
-1514
-1740
-1392
-921
-1164
-1360
-1017
-738
-918
-821
-762
-934
-725
-417
-373
-603
-707
-695
-469
-252
-294
-52
83
163
262
275
291
293
298
284
285
283
293
293
283
281
284
284
282
287
283
292
287
299
296
296
283
287
295
290
300
294
291
290
298
294
294
288
283
302
300
293
287
296
300
292
294
292
283
287
282
289
290
287
295
290
296
296
310
306
417
1008
864
900
730
685
679
699
756
716
735
951
1046
1028
1121
1266
1389
1242
960
768
803
924
908
699
602
603
933
1120
882
642
780
987
1089
1117
1260
1390
1526
1690
1752
1747
1734
1707
1861
2037
2156
2375
2447
2493
2484
2402
2576
2544
2634
2782
2691
2653
2522
2390
2166
1836
1742
1946
2485
2341
2239
2133
2198
2251
2079
1896
1801
1918
2376
2913
2960
2757
2721
2384
2057
2048
1849
1791
1970
2067
2111
2250
2370
2264
2495
2453
2530
2809
2893
2995
3136
3526
3769
3638
3431
3419
3641
3674
3395
3292
3233
3304
3425
3239
2850
2610
2730
2794
3192
3504
3639
3984
4152
4178
4267
4045
3939
3739
3924
3920
3596
3183
3032
2998
3026
2609
2356
2475
2638
3019
3089
2926
2583
2327
2328
2386
2602
2715
2583
2401
2574
2814
3087
3139
3098
3018
3102
3211
3182
3216
3377
3441
3462
3543
3782
4138
3743
3382
3478
3773
3798
3583
3270
3114
3071
3042
2956
2931
2826
2518
2191
2324
2754
2807
2537
2339
2388
1978
2186
2753
2887
2935
3232
3202
3317
3228
2691
2179
1847
1711
1769
1939
1864
1750
1852
2203
2339
2349
2270
2198
2381
2588
2748
2724
2780
2916
3331
3683
3960
3794
3637
3493
3493
3518
3780
3881
3880
3856
4285
4480
4141
3252
2939
2622
2581
2270
1686
969
1045
1592
2520
2562
2132
2068
1668
936
505
339
562
381
302
329
1358
1688
1425
1211
1457
1744
1446
1246
1521
1555
1244
786
536
590
1016
2193
2446
2670
2985
3181
3074
2910
3104
3111
3358
3342
3502
4039
4026
3899
3662
3687
3859
3464
3106
3032
2449
1388
1286
1824
2022
954
697
853
1012
1135
1417
1860
1925
2288
2908
3300
3397
3407
3370
3224
2811
2725
2882
2774
2574
2314
2253
2351
2945
3977
4584
4535
4553
4952
5030
4292
3966
4065
4077
3950
3858
3660
3514
3748
3582
3381
3233
3036
2425
1858
1566
1706
2518
2711
2641
2623
2826
2851
2753
2764
2716
2743
2779
2433
2163
1589
995
547
593
798
1428
1715
1540
1781
2807
3557
3611
3565
2299
2887
2805
3309
4160
4336
4369
4853
4965
4824
5440
5508
5722
5547
5312
4984
4623
4383
4232
3639
3253
3240
3472
3634
3885
3822
3564
3426
3338
3738
3723
3543
3515
3500
3692
3736
3545
3444
3353
3148
2864
2694
2208
1027
1113
2078
2603
2779
2596
2627
2773
2721
3027
3201
3447
3481
2853
2125
2145
2990
3340
3402
3379
3313
3039
3297
3266
3011
2820
2999
2752
2071
2070
2661
3187
3289
3298
3331
3622
3679
2968
2274
2292
2754
3555
3688
2978
2528
2500
2670
2802
3102
3293
3148
2999
2972
2944
2894
2482
2586
2562
2326
2254
2419
2352
2005
1675
1339
1306
1531
1805
1783
1606
1424
1316
1175
1009
1339
1640
1864
1941
1839
1757
1892
1868
1779
1676
1566
1092
1012
1158
1466
1765
1922
1705
1712
1676
1873
1892
2064
2001
1743
1613
1532
1599
1715
1797
1605
1494
1436
1442
1462
1435
1192
857
368
255
248
203
-204
-664
-161
282
266
278
263
270
264
270
286
513
417
395
363
335
396
573
549
614
763
715
770
869
849
707
792
826
804
819
816
676
443
335
570
786
848
602
461
525
531
527
508
488
431
352
330
390
412
422
384
314
284
264
260
276
269
293
379
433
478
457
408
397
383
353
312
282
273
253
256
270
250
263
273
252
250
266
252
259
259
261
250
257
255
253
257
264
264
265
254
258
261
246
253
244
263
257
264
262
266
252
262
261
262
249
